00000000000000000000000000000000
00000000000000000000000000000000
00000000000000000000000000000000
00000000000000000000000000000011
00000000000000000000000000011110
00000000000000000000000000000000
00000000000000000000000000000000
00000000000000000000000000000110
00000000000000000000000000000000
00000000000000000000011111100001
00000000000000000000000000000001
00000000000000000000000000010001
00000000000000000000000000010001
00000000000000000000000000000000
00000000000000000000000000000000
00000000000000000000000000000000
00000000000000000000000000000000
00000000000000000000000000000000
00000000000000000000000000000100
00000000000000000000000001100100
00000000000000000000000110010000
00000000000000000000000000111100
00000000000000000000000000011000
00000000000000000000000000000111
00000000000000000000000000001100
00000000000000000000000001000100
00000000000000000000000100001100
00000000000000000000000000000000
00000000000000000000000000000000
00000000000000000000000000000000
00000000000000000000000000000000
00000000000000000000000000000000
00000000000000000000000000000000
00000000000000000000000000000001
00000000000000000000000000111011
00000000000000000000000000010111
00000000000000000000000000000101
00000000000000000000000000011110
00000000000000000000000000001011
00000000000000000000011111100000
00000000000000000000000000000000
00000000000000000000000000010000
00000000000000000000000000010000
00000000000000000000000000110100
00000000000000000000000000011111
00000000000000000000000000011100
00000000000000000000000000011111
00000000000000000000000000011110
00000000000000000000000000011111
00000000000000000000000000011110
00000000000000000000000000011111
00000000000000000000000000011111
00000000000000000000000000011110
00000000000000000000000000011111
00000000000000000000000000011110
00000000000000000000000000011111
00000000000000000000000000011111
00000000000000000000000000011101
00000000000000000000000000011111
00000000000000000000000000011110
00000000000000000000000000011111
00000000000000000000000000011110
00000000000000000000000000011111
00000000000000000000000000011111
00000000000000000000000000011110
00000000000000000000000000011111
00000000000000000000000000011110
00000000000000000000000000011111
00000000000000000000000000000000
00000000000000000000000000000000